# Camera list with one line of data per camera:
#   CAMERA_ID, MODEL, WIDTH, HEIGHT, PARAMS[]
# Number of cameras: 16
1 SIMPLE_RADIAL 2200 3208 8515.8078509567913 1100 1604 0.029159892378501705
2 SIMPLE_RADIAL 2200 3208 8357.6957296234486 1100 1604 -0.11276705988293322
3 SIMPLE_RADIAL 2200 3208 8157.7487546354023 1100 1604 -0.021242692584912369
4 SIMPLE_RADIAL 2200 3208 8363.2164973208346 1100 1604 -0.031987224829547495
5 SIMPLE_RADIAL 2200 3208 8056.5951811191408 1100 1604 0.0013142116235951397
6 SIMPLE_RADIAL 2200 3208 8293.785117402409 1100 1604 0.017997267388309812
7 SIMPLE_RADIAL 2200 3208 8075.8968609160675 1100 1604 0.036772679419315862
8 SIMPLE_RADIAL 2200 3208 8335.9799534991871 1100 1604 0.0069224610666282008
9 SIMPLE_RADIAL 2200 3208 8257.0191087778821 1100 1604 0.004407976175556317
10 SIMPLE_RADIAL 2200 3208 8360.2317714707624 1100 1604 -0.040743931699542262
11 SIMPLE_RADIAL 2200 3208 7671.1187581306012 1100 1604 0.071088502000690362
12 SIMPLE_RADIAL 2200 3208 8199.0258181002937 1100 1604 0.055868186600177068
13 SIMPLE_RADIAL 2200 3208 8080.4571222981704 1100 1604 0.022139372591677874
14 SIMPLE_RADIAL 2200 3208 7921.1698017310109 1100 1604 -0.064791529918312232
15 SIMPLE_RADIAL 2200 3208 8288.9086054462641 1100 1604 0.03404747910433599
16 SIMPLE_RADIAL 2200 3208 8483.6167920051921 1100 1604 -0.1124636179740669
